00100011110111100000000000001010
00001000000000000000000000000010
00100011110111100000000000000001
00100011110111010000000000000000
00100011110111100000000000000001
00100011011000000000000011001000
00100011011000010000000000000000
00000011011000010000100000100000
10101100001000000000000000000001
00100011011000000000000011110000
00100011011000010000000000000001
00000011011000010000100000100000
10101100001000000000000000000001
00100011011000000000000000000100
10111100000000000000000000000000
00100011011000000000000000000000
10101111101000000000000000000001
00100011011000000000000000000001
00100011011000010000000000000001
00000000000000010001000000111111
00010111011000100000000001011000
10001111101000000000000000000001
00100011011000010000000000000010
00000000000000010001000000101010
00010111011000100000000001010001
00100011011000000000000000000000
10101100000111100000000000000000
10101100001111100000000000000001
10101100010111100000000000000010
10101100011111100000000000000011
10101100100111100000000000000100
10101100101111100000000000000101
10101100110111100000000000000110
10101100111111100000000000000111
10101101000111100000000000001000
10101101001111100000000000001001
10101101010111100000000000001010
10101101011111100000000000001011
10101101100111100000000000001100
10101101101111100000000000001101
10101101110111100000000000001110
10101101111111100000000000001111
10101110000111100000000000010000
10101110001111100000000000010001
10101110010111100000000000010010
10101110011111100000000000010011
10101110100111100000000000010100
10101110101111100000000000010101
10101110110111100000000000010110
10101110111111100000000000010111
10101111000111100000000000011000
10101111001111100000000000011001
10101111110111100000000000011010
10101111101111100000000000011011
10101111111111100000000000011100
10101111011111100000000000011101
10101111100111100000000000011110
10001111101000010000000000000001
COPY_TO_BANK 00010
10001111101000100000000000000001
00000011011000100001000000100000
10001100010000110000000000000001
11001100000000000000000000000000
10001111101000000000000000000001
10101100000111100000000000000000
10101100001111100000000000000001
10101100010111100000000000000010
10101100011111100000000000000011
10101100100111100000000000000100
10101100101111100000000000000101
10101100110111100000000000000110
10101100111111100000000000000111
10101101000111100000000000001000
10101101001111100000000000001001
10101101010111100000000000001010
10101101011111100000000000001011
10101101100111100000000000001100
10101101101111100000000000001101
10101101110111100000000000001110
10101101111111100000000000001111
10101110000111100000000000010000
10101110001111100000000000010001
10101110010111100000000000010010
10101110011111100000000000010011
10101110100111100000000000010100
10101110101111100000000000010101
10101110110111100000000000010110
10101110111111100000000000010111
10101111000111100000000000011000
10101111001111100000000000011001
10101111110111100000000000011010
10101111101111100000000000011011
10101111111111100000000000011100
10101111011111100000000000011101
10101111100111100000000000011110
00100011011000100000000000000000
COPY_TO_BANK 00100
11011000100000000000000000000000
10001111101001010000000000000001
00000011011001010010100000100000
10101100101001000000000000000001
10001111101001000000000000000001
00100011011001010000000000000001
00000000100001010011000000100000
10101111101001100000000000000001
00001000000000000000000000010101
00100011011001000000000000000000
10101111101001000000000000000001
00001000000000000000000000010001
11111100000000000000000000000000
