00001000000000000000000000000001
00100011110111100000000000000001
00100011110111010000000000000000
00100011110111100000000000000001
00100011110111100000000000000001
00100011110111100000000000000001
00100011011000000000000000000001
10101111101000000000000000000011
00100011011000000000000000000001
10101111101000000000000000000001
10001111101000000000000000000001
00100011011000010000000000001010
00000000000000010001000000100110
00010111011000100000000000001101
11111000000000000000000000000000
10101111101000000000000000000010
10001111101000000000000000000011
10001111101000010000000000000010
00000000000000010001000000011000
10101111101000100000000000000011
10001111101000000000000000000011
10111000000000000000000000000000
10001111101000000000000000000001
00100011011000010000000000000001
00000000000000010001000000100000
10101111101000100000000000000001
00001000000000000000000000001010
11111100000000000000000000000000
