00001000000000000000000000000001
00100011110111100000000000000001
00100011110111010000000000000000
00100011110111100000000000000100
00100011110111100000000000000001
00100011110111100000000000000001
00100011011000000000000000000000
10101111101000000000000000000001
10001111101000000000000000000001
00100011011000010000000000000100
00000000000000010001000000101010
00010111011000100000000000001001
11111000000000000000000000000000
10001111101000010000000000000001
00000011101000010000100000100000
10101100001000000000000000000010
10001111101000000000000000000001
00100011011000010000000000000001
00000000000000010001000000100000
10101111101000100000000000000001
00001000000000000000000000001000
00100011011000000000000000000000
10101111101000000000000000000001
00100011011000000000000000000000
10101111101000000000000000000110
10001111101000000000000000000001
00100011011000010000000000000100
00000000000000010001000000101010
00010111011000100000000000001011
10001111101000000000000000000110
10001111101000010000000000000001
00000011101000010000100000100000
10001100001000100000000000000010
00000000000000100000100000100000
10101111101000010000000000000110
10001111101000000000000000000001
00100011011000010000000000000001
00000000000000010001000000100000
10101111101000100000000000000001
00001000000000000000000000011001
10001111101000000000000000000110
10111000000000000000000000000000
11111100000000000000000000000000
