00100011110111100000000000001010
00100011110111100000000000000001
00001000000000000000000000000011
00100011110111100000000000000001
00100011110111010000000000000000
00100011110111100000000000000001
00100011011000000000000000000000
10101111101000000000000000000001
10001111101000000000000000000001
00100011011000010000000000001010
00000000000000010001000000101010
00010111011000100000000000001001
10001111101000000000000000000001
11111000001000000000000000000000
00000011011000000000000000100000
10101100000000010000000000000001
10001111101000000000000000000001
00100011011000010000000000000001
00000000000000010001000000100000
10101111101000100000000000000001
00001000000000000000000000001000
00100011011000000000000000000000
10101111101000000000000000000001
10001111101000000000000000000001
00100011011000010000000000001010
00000000000000010001000000101010
00010111011000100000000000001111
10001111101000000000000000000001
00000011011000000000000000100000
10001100000000010000000000000001
10001111101000000000000000000001
00000011011000000000000000100000
10001100000000100000000000000001
00000000001000100000000000011000
10101111011000000000000000001011
10001111011000000000000000001011
10111000000000000000000000000000
10001111101000000000000000000001
00100011011000010000000000000001
00000000000000010001000000100000
10101111101000100000000000000001
00001000000000000000000000010111
11111100000000000000000000000000
