00001000000000000000000000101010
10101111101111110000000000000001
00100011110111100000000000000001
00100011110111100000000000000001
00100011110111100000000000000001
10001111101000000000000000000011
00100011011000010000000000000000
00000000000000010001000000111111
00010111011000100000000000000100
10001111101000000000000000000010
00100000000111000000000000000000
00001000000000000000000000101000
00001000000000000000000000101000
10001111101000000000000000000011
10001111101000010000000000000010
10001111101000100000000000000010
10001111101000110000000000000011
00000000010000110010000000011010
10001111101000100000000000000011
00000000100000100001100000011000
00000000001000110001000000100010
10101111110000000000000000000000
00100011110111100000000000000001
10101111110000100000000000000000
00100011110111100000000000000001
10101111110111010000000000000000
00100011110111010000000000000000
00100011110111100000000000000001
10101111101000000000000000000010
10101111101000100000000000000011
00001100000000000000000000000001
00100011101111100000000000000000
10001111101111010000000000000000
10101011110111100000000000000001
10001111110000100000000000000000
10101011110111100000000000000001
10001111110000000000000000000000
00100011100000000000000000000000
00100000000111000000000000000000
00001000000000000000000000101000
10001111101111110000000000000001
00111111111000000000000000000000
00100011110111100000000000000001
00100011110111010000000000000000
00100011110111100000000000000001
00100011110111100000000000000001
00100011110111100000000000000001
11111000000000000000000000000000
10101111101000000000000000000001
11111000000000000000000000000000
10101111101000000000000000000010
10001111101000000000000000000001
10001111101000010000000000000010
10101111110000000000000000000000
00100011110111100000000000000001
10101111110000010000000000000000
00100011110111100000000000000001
10101111110111010000000000000000
00100011110111010000000000000000
00100011110111100000000000000001
10101111101000000000000000000010
10101111101000010000000000000011
00001100000000000000000000000001
00100011101111100000000000000000
10001111101111010000000000000000
10101011110111100000000000000001
10001111110000010000000000000000
10101011110111100000000000000001
10001111110000000000000000000000
00100011100000000000000000000000
10101111101000000000000000000011
10001111101000000000000000000011
10111000000000000000000000000000
11111100000000000000000000000000
