00100011110111100000000000001010
00001000000000000000000001110101
10101111101111110000000000000001
00100011110111100000000000000001
00100011110111100000000000000001
00100011110111100000000000000001
00100011110111100000000000000001
00100011110111100000000000000001
00100011110111100000000000000001
00100011110111100000000000000001
10001111101000000000000000000110
10101111101000000000000000000100
10001111101000000000000000000110
10001111101000010000000000000010
00000000000000010000000000100000
10001100000000010000000000000000
10101111101000010000000000000101
10001111101000000000000000000110
00100011011000010000000000000001
00000000000000010001000000100000
10101111101000100000000000000011
10001111101000000000000000000011
10001111101000010000000000000111
00000000000000010001000000101010
00010111011000100000000000010100
10001111101000000000000000000011
10001111101000010000000000000010
00000000000000010000000000100000
10001100000000010000000000000000
10001111101000000000000000000101
00000000001000000001000000101010
00010111011000100000000000001000
10001111101000000000000000000011
10001111101000010000000000000010
00000000000000010000000000100000
10001100000000010000000000000000
10101111101000010000000000000101
10001111101000000000000000000011
10101111101000000000000000000100
00001000000000000000000000101000
10001111101000000000000000000011
00100011011000010000000000000001
00000000000000010001000000100000
10101111101000100000000000000011
00001000000000000000000000010101
10001111101000000000000000000100
00100000000111000000000000000000
00001000000000000000000000110000
10001111101111110000000000000001
00111111111000000000000000000000
10101111101111110000000000000001
00100011110111100000000000000001
00100011110111100000000000000001
00100011110111100000000000000001
00100011110111100000000000000001
00100011110111100000000000000001
00100011110111100000000000000001
10001111101000000000000000000110
10101111101000000000000000000011
10001111101000000000000000000011
10001111101000010000000000000111
00100011011000100000000000000001
00000000001000100001100000100010
00000000000000110000100000101010
00010111011000010000000000110010
00100011110111100000000000000001
10001111101000000000000000000010
10001111101000010000000000000011
10001111101000100000000000000111
10101111110000000000000000000000
00100011110111100000000000000001
10101111110000010000000000000000
00100011110111100000000000000001
10101111110000100000000000000000
00100011110111100000000000000001
10101111110111010000000000000000
00100011110111010000000000000000
00100011110111100000000000000001
10101111101000000000000000000010
10101111101000010000000000000110
10101111101000100000000000000111
00001100000000000000000000000010
00100011101111100000000000000000
10001111101111010000000000000000
10101011110111100000000000000001
10001111110000100000000000000000
10101011110111100000000000000001
10001111110000010000000000000000
10101011110111100000000000000001
10001111110000000000000000000000
00100011100000000000000000000000
10101111101000000000000000000100
10001111101000000000000000000100
10001111101000010000000000000010
00000000000000010000000000100000
10001100000000010000000000000000
10101111101000010000000000000101
10001111101000000000000000000100
10001111101000010000000000000011
10001111101000100000000000000010
00000000001000100000100000100000
10001100001000100000000000000000
10001111101000010000000000000010
00000000001000000000000000100000
10101100000000100000000000000000
10001111101000000000000000000011
10001111101000010000000000000101
10001111101000100000000000000010
00000000010000000000000000100000
10101100000000010000000000000000
10001111101000000000000000000011
00100011011000010000000000000001
00000000000000010001000000100000
10101111101000100000000000000011
00001000000000000000000000111011
10001111101111110000000000000001
00111111111000000000000000000000
00100011110111100000000000000001
00100011110111010000000000000000
00100011110111100000000000000001
00100011011000000000000000000000
10101111101000000000000000000001
10001111101000000000000000000001
00100011011000010000000000001010
00000000000000010001000000101010
00010111011000100000000000001001
10001111101000000000000000000001
11111000001000000000000000000000
00000011011000000000000000100000
10101100000000010000000000000001
10001111101000000000000000000001
00100011011000010000000000000001
00000000000000010001000000100000
10101111101000100000000000000001
00001000000000000000000001111010
00100011011000000000000000000001
00100011011000010000000000000000
00100011011000100000000000001010
10101111110000000000000000000000
00100011110111100000000000000001
10101111110000010000000000000000
00100011110111100000000000000001
10101111110000100000000000000000
00100011110111100000000000000001
10101111110111010000000000000000
00100011110111010000000000000000
00100011110111100000000000000001
10101111101000000000000000000010
10101111101000010000000000000110
10101111101000100000000000000111
00001100000000000000000000110010
00100011101111100000000000000000
10001111101111010000000000000000
10101011110111100000000000000001
10001111110000100000000000000000
10101011110111100000000000000001
10001111110000010000000000000000
10101011110111100000000000000001
10001111110000000000000000000000
00100011100000000000000000000000
00100011011000000000000000000000
10101111101000000000000000000001
10001111101000000000000000000001
00100011011000010000000000001010
00000000000000010001000000101010
00010111011000100000000000001001
10001111101000000000000000000001
00000011011000000000000000100000
10001100000000010000000000000001
10111000001000000000000000000000
10001111101000000000000000000001
00100011011000010000000000000001
00000000000000010001000000100000
10101111101000100000000000000001
00001000000000000000000010100010
11111100000000000000000000000000
