00100011110111100000000000000001
00100011110111100000000000000001
00001000000000000000000000110110
10101111101111110000000000000001
00100011110111100000000000000001
00100011110111100000000000000001
00100011110111100000000000000001
00100011110111100000000000000001
00100011110111100000000000000001
00100011110111100000000000000001
00100011011000000000000000000000
10101111101000000000000000000010
00100011011000000000000000000001
10101111101000000000000000000011
00100011011000000000000000000010
10101111101000000000000000000100
10001111101000000000000000000101
00100011011000010000000000000000
00000000000000010001000000111111
00010111011000100000000000000100
10001111101000000000000000000010
00100000000111000000000000000000
00001000000000000000000000110100
00001000000000000000000000100000
10001111101000000000000000000101
00100011011000010000000000000001
00000000000000010001000000111111
00010111011000100000000000000100
10001111101000000000000000000011
00100000000111000000000000000000
00001000000000000000000000110100
00001000000000000000000000100000
10001111101000000000000000000100
10001111101000010000000000000101
00000000000000010001000000100110
00010111011000100000000000001101
10001111101000000000000000000010
10001111101000010000000000000011
00000000000000010001000000100000
10101111101000100000000000000110
10001111101000000000000000000011
10101111101000000000000000000010
10001111101000000000000000000110
10101111101000000000000000000011
10001111101000000000000000000100
00100011011000010000000000000001
00000000000000010001000000100000
10101111101000100000000000000100
00001000000000000000000000100000
10001111101000000000000000000011
00100000000111000000000000000000
00001000000000000000000000110100
10001111101111110000000000000001
00111111111000000000000000000000
00100011110111100000000000000001
00100011110111010000000000000000
11111000000000000000000000000000
10101111011000000000000000000001
10001111011000000000000000000001
10101111110000000000000000000000
00100011110111100000000000000001
10101111110111010000000000000000
00100011110111010000000000000000
00100011110111100000000000000001
10101111101000000000000000000101
00001100000000000000000000000011
00100011101111100000000000000000
10001111101111010000000000000000
10101011110111100000000000000001
10001111110000000000000000000000
00100011100000000000000000000000
10101111011000000000000000000010
10001111011000000000000000000010
10111000000000000000000000000000
11111100000000000000000000000000
