00100010101101010000000000000001
00100010101101010000000000000001
00001000000000000000000000110110
10101110110101110000000000000001
00100010101101010000000000000001
00100010101101010000000000000001
00100010101101010000000000000001
00100010101101010000000000000001
00100010101101010000000000000001
00100010101101010000000000000001
00100011000011010000000000000000
10101110110011010000000000000010
00100011000011010000000000000001
10101110110011010000000000000011
00100011000011010000000000000010
10101110110011010000000000000100
10001110110011010000000000000101
00100011000011100000000000000000
00000001101011100111100000111111
00010111011011110000000000000100
10001110110011010000000000000010
00100001101110010000000000000000
00001000000000000000000000110100
00001000000000000000000000100000
10001110110011010000000000000101
00100011000011100000000000000001
00000001101011100111100000111111
00010111011011110000000000000100
10001110110011010000000000000011
00100001101110010000000000000000
00001000000000000000000000110100
00001000000000000000000000100000
10001110110011010000000000000100
10001110110011100000000000000101
00000001101011100111100000100110
00010111011011110000000000001101
10001110110011010000000000000010
10001110110011100000000000000011
00000001101011100111100000100000
10101110110011110000000000000110
10001110110011010000000000000011
10101110110011010000000000000010
10001110110011010000000000000110
10101110110011010000000000000011
10001110110011010000000000000100
00100011000011100000000000000001
00000001101011100111100000100000
10101110110011110000000000000100
00001000000000000000000000100000
10001110110011010000000000000011
00100001101110010000000000000000
00001000000000000000000000110100
10001110110101110000000000000001
00111110111000000000000000000000
00100010101101010000000000000001
00100010101101100000000000000000
00100011000011010000000000000101
10101111000011010000000000000001
10001111000011010000000000000001
10101110101011010000000000000000
00100010101101010000000000000001
10101110101101100000000000000000
00100010101101100000000000000000
00100010101101010000000000000001
10101110110011010000000000000101
00001100000000000000000000000011
00100010110101010000000000000000
10001110110101100000000000000000
10101010101101010000000000000001
10001110101011010000000000000000
00100011001011010000000000000000
10101111000011010000000000000010
10001111000011010000000000000010
10111001101000000000000000000000
11111100000000000000000000000000
