00001000000000000000000000000001
00100010101101010000000000000001
00100010101101100000000000000000
00100010101101010000000000000001
00100011000011010000000000000000
10101110110011010000000000000001
10001110110011010000000000000001
00100011000011100000000000010100
00000001101011100111100000101010
00010111011011110000000000000111
10001110110011010000000000000001
10111001101011010000000000000000
10001110110011010000000000000001
00100011000011100000000000000001
00000001101011100111100000100000
10101110110011110000000000000001
00001000000000000000000000000110
01111100000000000000000000000000
00110000000000000000000000000000
00001000000000000000000000000001
00100010101101010000000000000001
00100010101101100000000000000000
00100010101101010000000000000001
00100011000011010000000000000000
10101110110011010000000000000001
10001110110011010000000000000001
00100011000011100000000000010100
00000001101011100111100000101010
00010111011011110000000000000111
10001110110011010000000000000001
10111001101011010000000000000000
10001110110011010000000000000001
00100011000011100000000000000001
00000001101011100111100000100000
10101110110011110000000000000001
00001000000000000000000000000110
01111100000000000000000000000000
00110000000000000000000000000000
00001000000000000000000000000001
00100010101101010000000000000001
00100010101101100000000000000000
00100010101101010000000000000001
00100011000011010000000000000000
10101110110011010000000000000001
10001110110011010000000000000001
00100011000011100000000000010100
00000001101011100111100000101010
00010111011011110000000000000111
10001110110011010000000000000001
10111001101011010000000000000000
10001110110011010000000000000001
00100011000011100000000000000001
00000001101011100111100000100000
10101110110011110000000000000001
00001000000000000000000000000110
01111100000000000000000000000000
00110000000000000000000000000000
00001000000000000000000000000001
00100010101101010000000000000001
00100010101101100000000000000000
00100010101101010000000000000001
00100011000011010000000000000000
10101110110011010000000000000001
10001110110011010000000000000001
00100011000011100000000000010100
00000001101011100111100000101010
00010111011011110000000000000111
10001110110011010000000000000001
10111001101011010000000000000000
10001110110011010000000000000001
00100011000011100000000000000001
00000001101011100111100000100000
10101110110011110000000000000001
00001000000000000000000000000110
01111100000000000000000000000000
00110000000000000000000000000000